%YAML:1.0
---
my_detector: !!opencv-object-detector-hog
   winSize: [ 32, 32 ]
   blockSize: [ 16, 16 ]
   blockStride: [ 8, 8 ]
   cellSize: [ 8, 8 ]
   nbins: 9
   derivAperture: 1
   winSigma: 4.
   histogramNormType: 0
   L2HysThreshold: 2.0000000000000001e-01
   gammaCorrection: 1
   nlevels: 64
   signedGradient: 0
   SVMDetector: [ 2.40442925e-03, -3.32232506e-04, -8.08682572e-03,
       -9.98102035e-03, 4.23249416e-03, -4.80842358e-03, -2.65049911e-03,
       9.75265459e-04, 1.61738382e-04, -3.34896939e-03, -2.46126438e-03,
       6.02176646e-03, 1.86879281e-03, -2.34645442e-03, -4.25966427e-04,
       4.87647345e-03, -2.09753029e-03, -2.06139171e-03, -3.09965597e-03,
       3.44868517e-03, 8.46091937e-03, -5.64698887e-04, -1.63124467e-03,
       -9.26396868e-04, 1.46586145e-03, -3.04868561e-03, -1.94483891e-03,
       -6.07087044e-04, 2.04558205e-03, 1.15475501e-03, 7.67755229e-03,
       -3.80599266e-03, 7.85740092e-03, 1.76270274e-04, 2.48861802e-03,
       2.14163942e-04, 6.50768075e-03, 9.16202646e-03, -3.24447523e-03,
       -1.62326347e-03, -3.85902496e-03, -2.64630117e-03, 8.64667643e-04,
       1.99928327e-04, 4.95225016e-04, -1.12281169e-03, -2.66244577e-04,
       7.13654328e-04, 3.87599156e-03, -4.52981098e-03, 5.78784989e-03,
       -5.07709291e-03, -2.02686456e-03, -1.29227724e-03, 3.69442697e-03,
       -4.79640160e-03, 1.82908843e-04, 3.26665048e-03, 3.92479636e-03,
       4.11287230e-03, -7.51736865e-04, -3.42251587e-04, 2.50483537e-03,
       1.59917865e-04, -4.95758420e-03, -3.93659109e-03, 3.55172344e-03,
       -4.95473342e-03, 8.93884804e-03, -1.43648114e-03, 2.67101103e-03,
       2.87274411e-03, -1.26760779e-03, 2.71261530e-03, 1.80775032e-03,
       -7.42451707e-03, 8.35584942e-03, -3.92131088e-03, 4.05750657e-03,
       1.17132934e-02, -2.70829187e-03, 8.01901799e-03, -3.64798983e-03,
       -1.63367798e-03, -1.03979921e-02, 8.51524994e-03, -9.08496790e-03,
       -5.41986898e-03, 4.18691710e-03, 7.87729584e-03, 5.88676659e-04,
       3.92838148e-04, 5.86010097e-03, 5.69902128e-03, -7.37408223e-03,
       3.64403310e-03, -3.42235289e-04, -5.62005071e-03, 1.90106034e-03,
       -8.59394763e-03, 2.62479531e-03, -6.03808556e-03, 6.03120308e-03,
       -3.16226110e-03, 2.75067450e-03, -3.96715431e-03, -6.32149726e-03,
       -7.75727956e-03, 3.94562376e-04, -1.52760814e-03, -4.45455732e-03,
       4.06648824e-03, 7.46308686e-03, 1.12777657e-03, 4.47535189e-03,
       -4.61415155e-03, 1.85205764e-03, -4.40529641e-03, 2.65416270e-03,
       1.45674974e-03, -5.01374900e-03, 4.07114998e-03, 1.71643402e-03,
       -1.17804203e-03, -1.35513756e-03, 5.15692029e-03, -1.53489935e-03,
       1.90538616e-04, -7.10373104e-04, 4.64820815e-03, 3.19199846e-03,
       3.57105536e-03, -1.05388770e-02, -3.88928968e-03, 4.54975292e-03,
       -2.17535160e-03, -2.79294746e-03, -3.29399295e-03, 1.42229151e-03,
       -8.87346687e-04, 4.10538027e-03, 1.73767249e-03, -4.14585834e-03,
       2.00025178e-03, 6.82692509e-03, 9.64899454e-03, -9.43620398e-04,
       -2.21078261e-03, 1.02884397e-02, 1.53060537e-03, 8.41499772e-03,
       9.05911438e-03, 6.15207106e-03, -5.25842048e-03, -1.73357117e-03,
       -2.04704725e-03, -2.10522296e-04, 7.76526192e-03, -4.42224881e-03,
       -3.24921077e-03, -1.67391310e-03, -1.44037104e-03, 9.09980107e-03,
       -3.54895182e-03, 2.00614706e-03, 6.02200348e-03, 6.60637859e-03,
       4.80530225e-03, 1.77434669e-03, 1.98685075e-03, -3.84350540e-03,
       2.66593532e-03, 3.36863333e-03, 7.80763617e-03, 4.45546489e-03,
       -2.92833615e-03, 8.96911975e-03, 5.81533369e-03, 2.93057482e-03,
       9.09820944e-03, 8.02882947e-03, -9.82573838e-05, 5.81532391e-03,
       4.10491833e-03, 1.37374774e-02, 2.00956920e-03, 1.51486369e-02,
       9.87854879e-03, 5.64471772e-03, -2.63345265e-03, 5.06653311e-03,
       1.62064389e-03, -1.61355548e-03, 2.10114643e-02, 1.14861364e-02,
       -3.89130739e-03, 6.73261099e-03, -3.90601135e-03, 1.42876653e-03,
       2.44299788e-03, 6.32485747e-03, 4.90524108e-03, 1.94727129e-03,
       1.03968130e-02, 2.03467859e-03, -6.09824760e-03, 2.71197292e-03,
       -7.91208819e-03, 1.58058119e-03, -2.50671059e-03, 1.31029682e-02,
       -6.12798729e-04, 6.76578842e-03, -1.21408030e-02, -2.89521669e-03,
       1.41016790e-03, 3.40806460e-03, -3.05354246e-03, -4.16223705e-03,
       -5.72583696e-04, 8.49340390e-03, 2.15600035e-03, 5.21446997e-03,
       2.09772750e-03, 1.80214774e-05, 4.35012905e-03, -2.45456491e-03,
       -4.68069426e-04, -5.19127212e-03, 2.39995844e-03, 1.20914367e-03,
       4.78307538e-06, 1.58122985e-03, 6.70409855e-03, 1.61608588e-03,
       5.77087421e-03, -3.33189615e-03, 4.89206100e-03, 2.12765095e-04,
       2.31084158e-03, 1.84478483e-03, -8.61425709e-04, 7.10998941e-03,
       -7.98303168e-03, 3.72540066e-03, -3.53240548e-03, 8.38280749e-03,
       -3.28265619e-03, 2.39185919e-03, -4.39215731e-03, 7.82091287e-04,
       4.69754823e-03, 2.15734611e-03, 4.14222199e-03, -6.36095720e-05,
       7.12182466e-03, 3.87258548e-03, 2.22476386e-03, -9.09859722e-04,
       5.60798077e-03, -1.07117638e-03, 4.09285864e-03, -7.86422053e-04,
       -1.20184734e-03, 4.34909278e-04, 1.02783730e-02, 1.47302984e-03,
       -3.65326856e-03, -7.27045024e-03, -2.74234219e-03,
       -7.73819280e-04, 5.42709464e-03, 2.77075497e-03, 9.32002906e-03,
       6.93595316e-03, 6.82763709e-03, 1.11720362e-03, 7.46010151e-03,
       8.99222447e-04, 2.95004016e-03, 4.52753576e-03, -7.02824094e-04,
       6.71407534e-03, -7.82025047e-03, -9.90885892e-04, -3.05640488e-03,
       8.34053196e-03, 6.80902647e-03, 6.05501281e-03, 6.15942874e-04,
       4.91941767e-03, -5.87617699e-03, 5.78594068e-03, -2.09300686e-03,
       5.44512062e-04, 7.03778677e-03, -1.58495852e-03, 4.57085390e-03,
       2.82726041e-03, -3.83352395e-03, 2.31748703e-03, 1.46245304e-02,
       -2.61728448e-04, -1.40920293e-03, 4.81174700e-03, 2.16350192e-03,
       2.35157856e-03, 9.77884606e-03, 3.90803861e-03, 6.36935327e-03,
       6.59108954e-03, 9.86416359e-03, -4.39499214e-04, 8.71865731e-03,
       2.33932072e-03, 2.35388358e-03, 9.29751375e-04, -1.20966008e-03,
       9.87799559e-03, -9.96584445e-03, 1.20764803e-02, -5.37899463e-03,
       3.29121412e-03, 5.95794804e-03, -7.73442015e-02 ]
